Solution file: ./Order_2_Mesh_10/solution/T_0_N_100.txt
Error log:     ./Order_2_Mesh_10/error_log.txt
Config file:   ./Order_2_Mesh_10/config.json
Run info:      ./Order_2_Mesh_10/run_info.txt
CPU used:      16
生成网格完成!
顶点数: 396
面数: 3828
单元数: 957
体邻居: 957
面邻居: 3828
Total Points: 396
Total Faces: 2308
Total Cells: 957
cell 524  	 volume  2.43945e-19
59		0.0333333	-3.86667	0.2
56		0.0666667	-3.73333	0
58		0.0333333	-3.86667	0
388		0.05	-3.8	0
cell 913  	 volume  2.43945e-19
62		-0.0333333	-3.86667	0
64		-0.0666667	-3.73333	0
65		-0.0666667	-3.73333	0.2
386		-0.05	-3.8	0
cell 931  	 volume  2.41022e-19
65		-0.0666667	-3.73333	0.2
62		-0.0333333	-3.86667	0
386		-0.05	-3.8	0
387		-0.05	-3.8	0.2
cell 932  	 volume  2.43945e-19
65		-0.0666667	-3.73333	0.2
63		-0.0333333	-3.86667	0.2
62		-0.0333333	-3.86667	0
387		-0.05	-3.8	0.2
cell 937  	 volume  2.43945e-19
388		0.05	-3.8	0
59		0.0333333	-3.86667	0.2
56		0.0666667	-3.73333	0
389		0.05	-3.8	0.2
cell 938  	 volume  2.51599e-19
57		0.0666667	-3.73333	0.2
56		0.0666667	-3.73333	0
59		0.0333333	-3.86667	0.2
389		0.05	-3.8	0.2
face 84  	 area    3.6275e-18
63		-0.0333333	-3.86667	0.2
65		-0.0666667	-3.73333	0.2
387		-0.05	-3.8	0.2
face 1192  	 area    3.77399e-18
56		0.0666667	-3.73333	0
58		0.0333333	-3.86667	0
388		0.05	-3.8	0
face 1903  	 area    3.77399e-18
57		0.0666667	-3.73333	0.2
59		0.0333333	-3.86667	0.2
389		0.05	-3.8	0.2
face 2253  	 area    3.6275e-18
62		-0.0333333	-3.86667	0
64		-0.0666667	-3.73333	0
386		-0.05	-3.8	0
#       time  rel.err  rho    rel.err  u    rel.err  v    rel.err  w    rel.err  e  rel.err coef      cpu time  
