Vertices:
1 -0 0
1 -0 0.25
0.958333 -0.166667 0
0.958333 -0.166667 0.25
0.916667 -0.333333 0
0.916667 -0.333333 0.25
0.875 -0.5 0
0.875 -0.5 0.25
0.833333 -0.666667 0
0.833333 -0.666667 0.25
0.791667 -0.833333 0
0.791667 -0.833333 0.25
0.75 -1 0
0.75 -1 0.25
0.708333 -1.16667 0
0.708333 -1.16667 0.25
0.666667 -1.33333 0
0.666667 -1.33333 0.25
0.625 -1.5 0
0.625 -1.5 0.25
0.583333 -1.66667 0
0.583333 -1.66667 0.25
0.541667 -1.83333 0
0.541667 -1.83333 0.25
0.5 -2 0
0.5 -2 0.25
0.458333 -2.16667 0
0.458333 -2.16667 0.25
0.416667 -2.33333 0
0.416667 -2.33333 0.25
0.375 -2.5 0
0.375 -2.5 0.25
0.333333 -2.66667 0
0.333333 -2.66667 0.25
0.291667 -2.83333 0
0.291667 -2.83333 0.25
0.25 -3 0
0.25 -3 0.25
0.208333 -3.16667 0
0.208333 -3.16667 0.25
0.166667 -3.33333 0
0.166667 -3.33333 0.25
0.125 -3.5 0
0.125 -3.5 0.25
0.0833333 -3.66667 0
0.0833333 -3.66667 0.25
0.0416667 -3.83333 0
0.0416667 -3.83333 0.25
0 -4 0
0 -4 0.25
-0.0416667 -3.83333 0
-0.0416667 -3.83333 0.25
-0.0833333 -3.66667 0
-0.0833333 -3.66667 0.25
-0.125 -3.5 0
-0.125 -3.5 0.25
-0.166667 -3.33333 0
-0.166667 -3.33333 0.25
-0.208333 -3.16667 0
-0.208333 -3.16667 0.25
-0.25 -3 0
-0.25 -3 0.25
-0.291667 -2.83333 0
-0.291667 -2.83333 0.25
-0.333333 -2.66667 0
-0.333333 -2.66667 0.25
-0.375 -2.5 0
-0.375 -2.5 0.25
-0.416667 -2.33333 0
-0.416667 -2.33333 0.25
-0.458333 -2.16667 0
-0.458333 -2.16667 0.25
-0.5 -2 0
-0.5 -2 0.25
-0.541667 -1.83333 0
-0.541667 -1.83333 0.25
-0.583333 -1.66667 0
-0.583333 -1.66667 0.25
-0.625 -1.5 0
-0.625 -1.5 0.25
-0.666667 -1.33333 0
-0.666667 -1.33333 0.25
-0.708333 -1.16667 0
-0.708333 -1.16667 0.25
-0.75 -1 0
-0.75 -1 0.25
-0.791667 -0.833333 0
-0.791667 -0.833333 0.25
-0.833333 -0.666667 0
-0.833333 -0.666667 0.25
-0.875 -0.5 0
-0.875 -0.5 0.25
-0.916667 -0.333333 0
-0.916667 -0.333333 0.25
-0.958333 -0.166667 0
-0.958333 -0.166667 0.25
-1 -0 0
-1 -0 0.25
-0.833333 3.05556e-17 0
-0.833333 3.05556e-17 0.25
-0.666667 5.55556e-17 0
-0.666667 5.55556e-17 0.25
-0.5 7.5e-17 0
-0.5 7.5e-17 0.25
-0.333333 8.88889e-17 0
-0.333333 8.88889e-17 0.25
-0.166667 9.72222e-17 0
-0.166667 9.72222e-17 0.25
-5.55112e-17 1e-16 0
-5.55112e-17 1e-16 0.25
0.166667 9.72222e-17 0
0.166667 9.72222e-17 0.25
0.333333 8.88889e-17 0
0.333333 8.88889e-17 0.25
0.5 7.5e-17 0
0.5 7.5e-17 0.25
0.666667 5.55556e-17 0
0.666667 5.55556e-17 0.25
0.833333 3.05556e-17 0
0.833333 3.05556e-17 0.25
-0.833333 -0.125 0
-0.833333 -0.125 0.25
-0.791667 -0.291667 0
-0.791667 -0.291667 0.25
-0.75 -0.458333 0
-0.75 -0.458333 0.25
-0.708333 -0.625 0
-0.708333 -0.625 0.25
-0.666667 -0.791667 0
-0.666667 -0.791667 0.25
-0.625 -0.958333 0
-0.625 -0.958333 0.25
-0.583333 -1.125 0
-0.583333 -1.125 0.25
-0.541667 -1.29167 0
-0.541667 -1.29167 0.25
-0.5 -1.45833 0
-0.5 -1.45833 0.25
-0.458333 -1.625 0
-0.458333 -1.625 0.25
-0.416667 -1.79167 0
-0.416667 -1.79167 0.25
-0.375 -1.95833 0
-0.375 -1.95833 0.25
-0.333333 -2.125 0
-0.333333 -2.125 0.25
-0.291667 -2.29167 0
-0.291667 -2.29167 0.25
-0.25 -2.45833 0
-0.25 -2.45833 0.25
-0.208333 -2.625 0
-0.208333 -2.625 0.25
-0.166667 -2.79167 0
-0.166667 -2.79167 0.25
-0.125 -2.95833 0
-0.125 -2.95833 0.25
-0.0833333 -3.125 0
-0.0833333 -3.125 0.25
-0.0416667 -3.29167 0
-0.0416667 -3.29167 0.25
-0.666667 -0.125 0
-0.666667 -0.125 0.25
-0.5 -0.125 0
-0.5 -0.125 0.25
-0.333333 -0.125 0
-0.333333 -0.125 0.25
-0.166667 -0.125 0
-0.166667 -0.125 0.25
-5.55112e-17 -0.125 0
-5.55112e-17 -0.125 0.25
0.166667 -0.125 0
0.166667 -0.125 0.25
0.333333 -0.125 0
0.333333 -0.125 0.25
0.5 -0.125 0
0.5 -0.125 0.25
0.666667 -0.125 0
0.666667 -0.125 0.25
0.833333 -0.125 0
0.833333 -0.125 0.25
0.791667 -0.291667 0
0.791667 -0.291667 0.25
0.75 -0.458333 0
0.75 -0.458333 0.25
0.708333 -0.625 0
0.708333 -0.625 0.25
0.666667 -0.791667 0
0.666667 -0.791667 0.25
0.625 -0.958333 0
0.625 -0.958333 0.25
0.583333 -1.125 0
0.583333 -1.125 0.25
0.541667 -1.29167 0
0.541667 -1.29167 0.25
0.5 -1.45833 0
0.5 -1.45833 0.25
0.458333 -1.625 0
0.458333 -1.625 0.25
0.416667 -1.79167 0
0.416667 -1.79167 0.25
0.375 -1.95833 0
0.375 -1.95833 0.25
0.333333 -2.125 0
0.333333 -2.125 0.25
0.291667 -2.29167 0
0.291667 -2.29167 0.25
0.25 -2.45833 0
0.25 -2.45833 0.25
0.208333 -2.625 0
0.208333 -2.625 0.25
0.166667 -2.79167 0
0.166667 -2.79167 0.25
0.125 -2.95833 0
0.125 -2.95833 0.25
0.0833333 -3.125 0
0.0833333 -3.125 0.25
0.0416667 -3.29167 0
0.0416667 -3.29167 0.25
0 -3.68333 0
0 -3.68333 0.25
0 -3.55 0
0 -3.55 0.25
0 -0.890625 0
0 -0.890625 0.25
0 -1.42187 0
0 -1.42187 0.25
-0.25 -0.544094 0
-0.25 -0.544094 0.25
0.278709 -0.556593 0
0.278709 -0.556593 0.25
-5.55112e-17 -1.95312 0
-5.55112e-17 -1.95312 0.25
-0.222631 -1.15625 0
-0.222631 -1.15625 0.25
0.222631 -1.15625 0
0.222631 -1.15625 0.25
-0.313903 -0.853641 0
-0.313903 -0.853641 0.25
0.328596 -0.863709 0
0.328596 -0.863709 0.25
-5.55112e-17 -2.30729 0
-5.55112e-17 -2.30729 0.25
-0.136686 -1.6875 0
-0.136686 -1.6875 0.25
0.145509 -1.71027 0
0.145509 -1.71027 0.25
0.0174475 -0.41952 0
0.0174475 -0.41952 0.25
-0.482402 -0.398615 0
-0.482402 -0.398615 0.25
-0.252392 -1.4073 0
-0.252392 -1.4073 0.25
0.252392 -1.4073 0
0.252392 -1.4073 0.25
-8.73734e-17 -3.41747 0
-8.73734e-17 -3.41747 0.25
0.416667 -0.3548 0
0.416667 -0.3548 0.25
-0.467044 -0.653219 0
-0.467044 -0.653219 0.25
0.482949 -0.657196 0
0.482949 -0.657196 0.25
-0.25 -0.326262 0
-0.25 -0.326262 0.25
-5.55112e-17 -3.19271 0
-5.55112e-17 -3.19271 0.25
-5.55112e-17 -2.66146 0
-5.55112e-17 -2.66146 0.25
-0.138622 -2.16486 0
-0.138622 -2.16486 0.25
0.138622 -2.16486 0
0.138622 -2.16486 0.25
Tetrahedra:
245 197 196 253
14 190 192 193
67 65 150 151
36 37 213 215
108 107 168 169
132 131 85 133
49 46 48 51
47 46 49 51
191 190 14 193
163 162 102 164
48 46 50 51
35 33 32 211
218 53 51 219
69 67 148 149
268 230 143 269
156 155 61 157
148 67 66 150
65 64 67 150
83 81 134 135
214 38 36 215
10 186 188 189
168 166 262 263
10 11 187 189
12 14 15 191
232 133 135 233
226 249 258 259
210 34 211 213
35 34 37 213
31 30 33 209
218 51 46 219
142 141 75 143
201 24 25 203
36 38 39 215
209 208 32 211
13 12 15 191
205 204 28 207
199 196 198 245
215 214 38 217
87 85 130 131
238 190 188 239
252 196 194 253
128 127 89 129
46 44 218 219
136 135 81 137
34 210 212 213
222 223 227 237
189 186 188 239
219 44 218 220
248 161 123 249
235 190 238 239
262 249 226 263
34 35 211 213
237 227 226 259
43 42 45 221
131 133 236 237
32 208 210 211
236 222 226 237
6 8 9 185
192 16 193 195
81 79 136 137
161 123 160 248
201 200 24 203
175 173 174 257
53 219 220 221
73 71 144 145
138 137 79 139
208 32 30 209
241 240 147 269
248 249 226 262
3 1 0 179
111 109 110 169
146 145 71 147
28 204 206 207
41 38 40 217
36 212 214 215
22 198 200 201
77 75 140 141
219 45 44 221
270 202 200 271
182 6 183 185
229 239 260 261
26 28 29 205
18 194 196 197
209 32 33 211
147 69 148 149
102 103 163 164
168 107 167 169
215 38 39 217
143 73 144 145
129 87 130 131
139 77 140 141
26 27 203 205
140 141 142 242
232 222 236 237
127 129 258 259
7 6 9 185
128 89 87 129
7 4 6 183
212 36 213 215
3 0 2 179
224 225 233 251
120 98 97 121
133 83 134 135
162 102 101 163
51 47 46 219
160 99 121 161
160 100 161 162
220 42 254 255
254 55 220 255
221 43 42 255
37 36 39 215
36 34 212 213
205 28 29 207
30 32 33 209
12 188 190 191
146 71 69 147
166 106 105 167
20 18 196 197
142 75 73 143
17 15 14 193
244 198 196 245
138 79 77 139
257 229 260 261
168 110 108 169
173 172 114 174
132 85 83 133
21 20 23 199
99 97 98 121
107 108 109 169
6 4 182 183
266 206 240 267
161 100 101 162
5 3 2 181
124 125 126 248
12 13 189 191
164 103 163 165
100 99 160 161
126 125 91 127
16 17 193 195
11 8 10 187
174 116 114 175
123 93 124 125
21 19 18 197
160 123 122 248
238 223 235 239
2 3 179 181
93 91 124 125
102 101 100 162
24 200 202 203
107 105 106 167
10 8 186 187
121 123 160 161
178 0 118 179
97 95 120 121
122 121 95 123
189 188 191 239
103 102 104 164
101 161 162 163
193 190 192 235
12 10 188 189
91 89 126 127
119 118 0 179
110 109 108 169
122 95 93 123
184 8 6 185
111 112 113 171
11 9 8 187
130 131 132 236
178 2 0 179
119 0 1 179
95 94 97 120
98 97 96 120
94 96 97 120
103 101 102 163
99 100 101 161
103 104 105 165
260 184 182 261
139 138 137 250
4 180 182 183
85 82 84 132
167 168 169 263
238 229 223 239
6 182 184 185
121 95 120 122
95 93 92 122
120 95 94 122
95 92 94 122
130 85 84 132
195 192 194 253
191 188 190 239
93 122 123 124
91 90 93 124
41 39 38 217
122 93 92 124
90 92 93 124
6 7 183 185
186 10 187 189
89 88 91 126
125 91 124 126
256 180 176 257
124 91 90 126
91 88 90 126
220 44 42 221
248 123 125 249
195 18 19 197
126 89 88 128
89 86 88 128
89 87 86 128
127 89 126 128
137 139 250 251
217 215 214 265
87 128 129 130
85 84 87 130
134 132 133 232
128 87 86 130
84 86 87 130
158 59 57 159
85 83 82 132
234 192 190 235
131 85 130 132
67 64 66 150
16 18 19 195
61 59 156 157
83 132 133 134
195 194 18 197
81 80 83 134
196 20 197 199
132 83 82 134
80 82 83 134
149 240 241 267
135 81 134 136
201 198 200 245
79 78 81 136
182 257 260 261
149 67 148 150
134 81 80 136
81 78 80 136
20 196 198 199
136 79 78 138
79 76 78 138
79 77 76 138
137 79 136 138
77 138 139 140
257 256 182 260
75 74 77 140
226 227 249 259
138 77 76 140
74 76 77 140
27 25 24 203
140 75 74 142
75 72 74 142
75 73 72 142
57 55 254 255
141 75 140 142
31 29 28 207
73 142 143 144
71 70 73 144
142 73 72 144
70 72 73 144
220 219 44 221
144 71 70 146
71 68 70 146
71 69 68 146
150 149 67 151
145 71 144 146
202 26 203 205
69 146 147 148
152 151 65 153
67 66 69 148
270 204 202 271
146 69 68 148
66 68 69 148
231 200 244 245
152 65 63 153
153 63 154 155
63 61 154 155
38 214 216 217
151 65 150 152
65 63 62 152
150 65 64 152
65 62 64 152
37 34 36 213
152 63 62 154
60 62 63 154
63 152 153 154
61 60 63 154
55 53 220 221
158 157 59 159
155 61 154 156
59 58 61 156
154 61 60 156
61 58 60 156
40 38 216 217
157 59 156 158
59 57 56 158
156 59 58 158
59 56 58 158
121 120 98 160
98 99 121 160
99 98 100 160
139 242 250 251
120 121 122 160
123 122 121 160
105 165 166 167
177 176 118 178
115 113 114 173
115 116 117 175
104 103 164 165
172 114 112 173
248 164 163 249
262 226 246 263
226 227 246 263
237 236 129 259
125 127 248 249
258 249 127 259
181 4 5 183
232 233 222 237
248 127 126 258
133 232 236 237
115 114 116 175
170 112 110 171
256 173 171 257
256 171 247 257
262 246 168 263
227 226 249 263
164 104 165 166
165 104 105 166
106 105 104 166
114 173 174 175
2 4 5 181
119 117 118 177
167 166 106 168
106 107 167 168
107 106 108 168
7 5 4 183
224 233 232 251
22 20 198 199
175 174 116 176
169 168 110 170
111 110 112 171
110 169 170 171
110 111 169 171
171 170 112 172
114 113 112 173
112 171 172 173
171 112 113 173
114 115 173 175
190 14 12 191
180 4 2 181
176 118 116 177
118 117 116 177
177 180 181 257
23 22 25 201
116 175 176 177
175 116 117 177
179 177 178 181
180 178 177 181
179 178 2 181
180 2 178 181
118 177 178 179
118 119 177 179
181 180 4 183
27 24 26 203
22 24 25 201
256 247 229 257
30 28 206 207
188 12 189 191
256 174 173 257
176 175 174 257
178 177 176 180
270 200 231 271
11 10 13 189
176 174 256 257
185 8 9 187
246 223 228 247
8 184 186 187
185 184 8 187
200 24 22 201
17 16 19 195
245 196 252 253
183 182 185 261
177 175 176 257
239 187 186 261
13 10 12 189
22 23 199 201
17 14 16 193
191 14 15 193
225 243 244 245
227 223 246 247
266 208 206 267
217 214 216 265
194 18 16 195
124 122 123 248
240 206 204 241
16 14 192 193
198 22 199 201
232 132 133 236
203 201 200 271
206 207 241 267
21 18 20 197
183 180 182 257
129 128 127 258
23 20 22 199
157 159 264 265
16 192 194 195
31 28 30 207
133 132 131 236
192 193 235 253
204 28 26 205
20 21 197 199
196 244 245 252
30 206 208 209
147 240 268 269
206 30 207 209
35 32 34 211
147 146 145 268
249 127 248 258
240 146 147 268
26 24 202 203
197 196 199 245
230 142 143 242
34 32 210 211
193 192 195 253
197 194 196 253
243 242 139 251
209 206 208 267
27 26 29 205
185 182 184 261
26 202 204 205
30 31 207 209
244 200 198 245
207 206 209 267
211 153 210 213
201 231 200 271
155 212 213 215
41 40 43 255
248 163 161 249
53 51 50 218
207 205 204 241
240 147 149 241
207 204 206 241
223 229 228 247
42 220 221 255
241 204 270 271
205 202 204 271
241 205 204 271
43 40 42 255
220 55 221 255
266 153 210 267
266 210 208 267
153 211 210 267
151 153 266 267
210 153 152 212
154 152 153 212
246 170 169 247
154 153 155 212
212 153 155 213
212 210 153 213
42 44 45 221
42 40 254 255
157 156 155 214
155 154 212 214
154 155 156 214
212 155 214 215
155 157 214 215
249 248 164 262
40 41 217 255
264 216 214 265
159 217 216 265
264 159 216 265
51 46 50 218
53 50 52 218
159 158 157 264
47 44 46 219
47 45 44 219
180 177 176 257
216 40 217 255
40 216 254 255
159 57 254 255
55 52 54 220
52 53 218 220
53 52 55 220
219 218 53 220
199 198 201 245
171 169 170 247
145 147 268 269
250 224 232 251
236 128 129 258
256 182 180 257
170 169 168 246
233 232 133 237
226 236 237 259
231 201 200 245
231 230 143 243
222 227 226 237
187 186 189 239
229 256 257 260
193 191 190 235
134 133 135 232
144 145 146 268
163 164 165 249
246 169 168 263
242 138 139 250
232 135 250 251
143 230 242 243
161 160 162 248
260 186 184 261
222 233 223 237
143 142 141 242
183 181 180 257
242 139 141 243
124 123 125 248
141 143 242 243
238 188 186 239
130 128 129 236
130 129 131 236
235 191 190 239
192 235 252 253
252 235 225 253
233 232 222 234
233 224 232 234
225 224 233 234
233 222 223 234
203 202 205 271
233 225 234 235
223 233 234 235
236 129 131 237
234 222 223 238
228 223 222 238
190 234 235 238
234 223 235 238
229 223 228 238
140 139 141 242
148 147 149 240
240 149 266 267
149 151 266 267
242 243 224 251
250 242 224 251
241 240 206 267
140 138 139 242
224 243 225 251
148 146 147 240
243 242 224 244
169 246 247 263
200 230 231 244
243 231 230 244
252 194 192 253
197 195 194 253
243 230 242 244
243 224 225 244
244 243 231 245
163 161 162 248
223 228 222 246
223 222 227 246
227 222 226 246
129 236 258 259
258 236 226 259
127 126 125 248
136 137 138 250
214 157 156 264
164 163 162 248
246 227 247 263
135 134 232 250
134 135 136 250
244 224 225 252
234 225 224 252
137 136 135 250
135 232 233 251
135 137 250 251
216 159 158 254
235 234 192 252
244 225 245 252
235 225 234 252
252 225 245 253
182 183 257 261
158 57 56 254
54 56 57 254
55 54 57 254
57 158 159 254
144 142 143 268
54 55 220 254
254 216 159 255
217 159 216 255
247 246 170 256
228 246 247 256
170 171 247 256
247 229 228 256
126 127 128 258
173 171 172 256
174 173 172 256
249 248 226 258
172 171 170 256
239 186 260 261
228 229 238 260
239 238 229 260
186 238 239 260
249 164 165 262
256 229 228 260
165 164 166 262
187 184 186 261
187 185 184 261
156 157 158 264
159 216 158 264
168 167 166 263
165 249 262 263
166 165 262 263
167 165 166 263
264 214 157 265
215 157 214 265
203 200 202 271
151 150 149 266
149 148 240 266
148 149 150 266
144 143 145 268
142 230 143 268
230 200 231 270
153 210 152 266
153 152 151 266
150 151 152 266
211 208 210 267
211 209 208 267
230 231 143 269
268 143 145 269
269 268 230 270
269 240 268 270
204 240 241 270
269 241 240 270
269 230 231 270
270 269 241 271
231 269 270 271
Faces:
197 196 253
245 196 253
245 197 253
245 197 196
190 192 193
14 192 193
14 190 193
14 190 192
65 150 151
67 150 151
67 65 151
67 65 150
37 213 215
36 213 215
36 37 215
36 37 213
107 168 169
108 168 169
108 107 169
108 107 168
131 85 133
132 85 133
132 131 133
132 131 85
46 48 51
49 48 51
49 46 51
49 46 48
46 49 51
47 49 51
47 46 51
47 46 49
190 14 193
191 14 193
191 190 193
191 190 14
162 102 164
163 102 164
163 162 164
163 162 102
46 50 51
48 50 51
48 46 51
48 46 50
33 32 211
35 32 211
35 33 211
35 33 32
53 51 219
218 51 219
218 53 219
218 53 51
67 148 149
69 148 149
69 67 149
69 67 148
230 143 269
268 143 269
268 230 269
268 230 143
155 61 157
156 61 157
156 155 157
156 155 61
67 66 150
148 66 150
148 67 150
148 67 66
64 67 150
65 67 150
65 64 150
65 64 67
81 134 135
83 134 135
83 81 135
83 81 134
38 36 215
214 36 215
214 38 215
214 38 36
186 188 189
10 188 189
10 186 189
10 186 188
166 262 263
168 262 263
168 166 263
168 166 262
11 187 189
10 187 189
10 11 189
10 11 187
14 15 191
12 15 191
12 14 191
12 14 15
133 135 233
232 135 233
232 133 233
232 133 135
249 258 259
226 258 259
226 249 259
226 249 258
34 211 213
210 211 213
210 34 213
210 34 211
34 37 213
35 37 213
35 34 213
35 34 37
30 33 209
31 33 209
31 30 209
31 30 33
51 46 219
218 46 219
218 51 219
218 51 46
141 75 143
142 75 143
142 141 143
142 141 75
24 25 203
201 25 203
201 24 203
201 24 25
38 39 215
36 39 215
36 38 215
36 38 39
208 32 211
209 32 211
209 208 211
209 208 32
12 15 191
13 15 191
13 12 191
13 12 15
204 28 207
205 28 207
205 204 207
205 204 28
196 198 245
199 198 245
199 196 245
199 196 198
214 38 217
215 38 217
215 214 217
215 214 38
85 130 131
87 130 131
87 85 131
87 85 130
190 188 239
238 188 239
238 190 239
238 190 188
196 194 253
252 194 253
252 196 253
252 196 194
127 89 129
128 89 129
128 127 129
128 127 89
44 218 219
46 218 219
46 44 219
46 44 218
135 81 137
136 81 137
136 135 137
136 135 81
210 212 213
34 212 213
34 210 213
34 210 212
223 227 237
222 227 237
222 223 237
222 223 227
186 188 239
189 188 239
189 186 239
189 186 188
44 218 220
219 218 220
219 44 220
219 44 218
161 123 249
248 123 249
248 161 249
248 161 123
190 238 239
235 238 239
235 190 239
235 190 238
249 226 263
262 226 263
262 249 263
262 249 226
35 211 213
34 211 213
34 35 213
34 35 211
227 226 259
237 226 259
237 227 259
237 227 226
42 45 221
43 45 221
43 42 221
43 42 45
133 236 237
131 236 237
131 133 237
131 133 236
208 210 211
32 210 211
32 208 211
32 208 210
222 226 237
236 226 237
236 222 237
236 222 226
8 9 185
6 9 185
6 8 185
6 8 9
16 193 195
192 193 195
192 16 195
192 16 193
79 136 137
81 136 137
81 79 137
81 79 136
123 160 248
161 160 248
161 123 248
161 123 160
200 24 203
201 24 203
201 200 203
201 200 24
173 174 257
175 174 257
175 173 257
175 173 174
219 220 221
53 220 221
53 219 221
53 219 220
71 144 145
73 144 145
73 71 145
73 71 144
137 79 139
138 79 139
138 137 139
138 137 79
32 30 209
208 30 209
208 32 209
208 32 30
240 147 269
241 147 269
241 240 269
241 240 147
249 226 262
248 226 262
248 249 262
248 249 226
1 0 179
3 0 179
3 1 179
3 1 0
109 110 169
111 110 169
111 109 169
111 109 110
145 71 147
146 71 147
146 145 147
146 145 71
204 206 207
28 206 207
28 204 207
28 204 206
38 40 217
41 40 217
41 38 217
41 38 40
212 214 215
36 214 215
36 212 215
36 212 214
198 200 201
22 200 201
22 198 201
22 198 200
75 140 141
77 140 141
77 75 141
77 75 140
45 44 221
219 44 221
219 45 221
219 45 44
202 200 271
270 200 271
270 202 271
270 202 200
6 183 185
182 183 185
182 6 185
182 6 183
239 260 261
229 260 261
229 239 261
229 239 260
28 29 205
26 29 205
26 28 205
26 28 29
194 196 197
18 196 197
18 194 197
18 194 196
32 33 211
209 33 211
209 32 211
209 32 33
69 148 149
147 148 149
147 69 149
147 69 148
103 163 164
102 163 164
102 103 164
102 103 163
107 167 169
168 167 169
168 107 169
168 107 167
38 39 217
215 39 217
215 38 217
215 38 39
73 144 145
143 144 145
143 73 145
143 73 144
87 130 131
129 130 131
129 87 131
129 87 130
77 140 141
139 140 141
139 77 141
139 77 140
27 203 205
26 203 205
26 27 205
26 27 203
141 142 242
140 142 242
140 141 242
140 141 142
222 236 237
232 236 237
232 222 237
232 222 236
129 258 259
127 258 259
127 129 259
127 129 258
6 9 185
7 9 185
7 6 185
7 6 9
89 87 129
128 87 129
128 89 129
128 89 87
4 6 183
7 6 183
7 4 183
7 4 6
36 213 215
212 213 215
212 36 215
212 36 213
0 2 179
3 2 179
3 0 179
3 0 2
225 233 251
224 233 251
224 225 251
224 225 233
98 97 121
120 97 121
120 98 121
120 98 97
83 134 135
133 134 135
133 83 135
133 83 134
102 101 163
162 101 163
162 102 163
162 102 101
47 46 219
51 46 219
51 47 219
51 47 46
99 121 161
160 121 161
160 99 161
160 99 121
100 161 162
160 161 162
160 100 162
160 100 161
42 254 255
220 254 255
220 42 255
220 42 254
55 220 255
254 220 255
254 55 255
254 55 220
43 42 255
221 42 255
221 43 255
221 43 42
36 39 215
37 39 215
37 36 215
37 36 39
34 212 213
36 212 213
36 34 213
36 34 212
28 29 207
205 29 207
205 28 207
205 28 29
32 33 209
30 33 209
30 32 209
30 32 33
188 190 191
12 190 191
12 188 191
12 188 190
71 69 147
146 69 147
146 71 147
146 71 69
106 105 167
166 105 167
166 106 167
166 106 105
18 196 197
20 196 197
20 18 197
20 18 196
75 73 143
142 73 143
142 75 143
142 75 73
15 14 193
17 14 193
17 15 193
17 15 14
198 196 245
244 196 245
244 198 245
244 198 196
79 77 139
138 77 139
138 79 139
138 79 77
229 260 261
257 260 261
257 229 261
257 229 260
110 108 169
168 108 169
168 110 169
168 110 108
172 114 174
173 114 174
173 172 174
173 172 114
85 83 133
132 83 133
132 85 133
132 85 83
20 23 199
21 23 199
21 20 199
21 20 23
97 98 121
99 98 121
99 97 121
99 97 98
108 109 169
107 109 169
107 108 169
107 108 109
4 182 183
6 182 183
6 4 183
6 4 182
206 240 267
266 240 267
266 206 267
266 206 240
100 101 162
161 101 162
161 100 162
161 100 101
3 2 181
5 2 181
5 3 181
5 3 2
125 126 248
124 126 248
124 125 248
124 125 126
13 189 191
12 189 191
12 13 191
12 13 189
103 163 165
164 163 165
164 103 165
164 103 163
99 160 161
100 160 161
100 99 161
100 99 160
125 91 127
126 91 127
126 125 127
126 125 91
17 193 195
16 193 195
16 17 195
16 17 193
8 10 187
11 10 187
11 8 187
11 8 10
116 114 175
174 114 175
174 116 175
174 116 114
93 124 125
123 124 125
123 93 125
123 93 124
19 18 197
21 18 197
21 19 197
21 19 18
123 122 248
160 122 248
160 123 248
160 123 122
223 235 239
238 235 239
238 223 239
238 223 235
3 179 181
2 179 181
2 3 181
2 3 179
91 124 125
93 124 125
93 91 125
93 91 124
101 100 162
102 100 162
102 101 162
102 101 100
200 202 203
24 202 203
24 200 203
24 200 202
105 106 167
107 106 167
107 105 167
107 105 106
8 186 187
10 186 187
10 8 187
10 8 186
123 160 161
121 160 161
121 123 161
121 123 160
0 118 179
178 118 179
178 0 179
178 0 118
95 120 121
97 120 121
97 95 121
97 95 120
121 95 123
122 95 123
122 121 123
122 121 95
188 191 239
189 191 239
189 188 239
189 188 191
102 104 164
103 104 164
103 102 164
103 102 104
161 162 163
101 162 163
101 161 163
101 161 162
190 192 235
193 192 235
193 190 235
193 190 192
10 188 189
12 188 189
12 10 189
12 10 188
89 126 127
91 126 127
91 89 127
91 89 126
118 0 179
119 0 179
119 118 179
119 118 0
109 108 169
110 108 169
110 109 169
110 109 108
95 93 123
122 93 123
122 95 123
122 95 93
8 6 185
184 6 185
184 8 185
184 8 6
112 113 171
111 113 171
111 112 171
111 112 113
9 8 187
11 8 187
11 9 187
11 9 8
131 132 236
130 132 236
130 131 236
130 131 132
2 0 179
178 0 179
178 2 179
178 2 0
0 1 179
119 1 179
119 0 179
119 0 1
94 97 120
95 97 120
95 94 120
95 94 97
97 96 120
98 96 120
98 97 120
98 97 96
96 97 120
94 97 120
94 96 120
94 96 97
101 102 163
103 102 163
103 101 163
103 101 102
100 101 161
99 101 161
99 100 161
99 100 101
104 105 165
103 105 165
103 104 165
103 104 105
184 182 261
260 182 261
260 184 261
260 184 182
138 137 250
139 137 250
139 138 250
139 138 137
180 182 183
4 182 183
4 180 183
4 180 182
82 84 132
85 84 132
85 82 132
85 82 84
168 169 263
167 169 263
167 168 263
167 168 169
229 223 239
238 223 239
238 229 239
238 229 223
182 184 185
6 184 185
6 182 185
6 182 184
95 120 122
121 120 122
121 95 122
121 95 120
93 92 122
95 92 122
95 93 122
95 93 92
95 94 122
120 94 122
120 95 122
120 95 94
92 94 122
95 94 122
95 92 122
95 92 94
85 84 132
130 84 132
130 85 132
130 85 84
192 194 253
195 194 253
195 192 253
195 192 194
188 190 239
191 190 239
191 188 239
191 188 190
122 123 124
93 123 124
93 122 124
93 122 123
90 93 124
91 93 124
91 90 124
91 90 93
39 38 217
41 38 217
41 39 217
41 39 38
93 92 124
122 92 124
122 93 124
122 93 92
92 93 124
90 93 124
90 92 124
90 92 93
7 183 185
6 183 185
6 7 185
6 7 183
10 187 189
186 187 189
186 10 189
186 10 187
88 91 126
89 91 126
89 88 126
89 88 91
91 124 126
125 124 126
125 91 126
125 91 124
180 176 257
256 176 257
256 180 257
256 180 176
91 90 126
124 90 126
124 91 126
124 91 90
88 90 126
91 90 126
91 88 126
91 88 90
44 42 221
220 42 221
220 44 221
220 44 42
123 125 249
248 125 249
248 123 249
248 123 125
18 19 197
195 19 197
195 18 197
195 18 19
89 88 128
126 88 128
126 89 128
126 89 88
86 88 128
89 88 128
89 86 128
89 86 88
87 86 128
89 86 128
89 87 128
89 87 86
89 126 128
127 126 128
127 89 128
127 89 126
139 250 251
137 250 251
137 139 251
137 139 250
215 214 265
217 214 265
217 215 265
217 215 214
128 129 130
87 129 130
87 128 130
87 128 129
84 87 130
85 87 130
85 84 130
85 84 87
132 133 232
134 133 232
134 132 232
134 132 133
87 86 130
128 86 130
128 87 130
128 87 86
86 87 130
84 87 130
84 86 130
84 86 87
59 57 159
158 57 159
158 59 159
158 59 57
83 82 132
85 82 132
85 83 132
85 83 82
192 190 235
234 190 235
234 192 235
234 192 190
85 130 132
131 130 132
131 85 132
131 85 130
64 66 150
67 66 150
67 64 150
67 64 66
18 19 195
16 19 195
16 18 195
16 18 19
59 156 157
61 156 157
61 59 157
61 59 156
132 133 134
83 133 134
83 132 134
83 132 133
194 18 197
195 18 197
195 194 197
195 194 18
80 83 134
81 83 134
81 80 134
81 80 83
20 197 199
196 197 199
196 20 199
196 20 197
83 82 134
132 82 134
132 83 134
132 83 82
82 83 134
80 83 134
80 82 134
80 82 83
240 241 267
149 241 267
149 240 267
149 240 241
81 134 136
135 134 136
135 81 136
135 81 134
198 200 245
201 200 245
201 198 245
201 198 200
78 81 136
79 81 136
79 78 136
79 78 81
257 260 261
182 260 261
182 257 261
182 257 260
67 148 150
149 148 150
149 67 150
149 67 148
81 80 136
134 80 136
134 81 136
134 81 80
78 80 136
81 80 136
81 78 136
81 78 80
196 198 199
20 198 199
20 196 199
20 196 198
79 78 138
136 78 138
136 79 138
136 79 78
76 78 138
79 78 138
79 76 138
79 76 78
77 76 138
79 76 138
79 77 138
79 77 76
79 136 138
137 136 138
137 79 138
137 79 136
138 139 140
77 139 140
77 138 140
77 138 139
256 182 260
257 182 260
257 256 260
257 256 182
74 77 140
75 77 140
75 74 140
75 74 77
227 249 259
226 249 259
226 227 259
226 227 249
77 76 140
138 76 140
138 77 140
138 77 76
76 77 140
74 77 140
74 76 140
74 76 77
25 24 203
27 24 203
27 25 203
27 25 24
75 74 142
140 74 142
140 75 142
140 75 74
72 74 142
75 74 142
75 72 142
75 72 74
73 72 142
75 72 142
75 73 142
75 73 72
55 254 255
57 254 255
57 55 255
57 55 254
75 140 142
141 140 142
141 75 142
141 75 140
29 28 207
31 28 207
31 29 207
31 29 28
142 143 144
73 143 144
73 142 144
73 142 143
70 73 144
71 73 144
71 70 144
71 70 73
73 72 144
142 72 144
142 73 144
142 73 72
72 73 144
70 73 144
70 72 144
70 72 73
219 44 221
220 44 221
220 219 221
220 219 44
71 70 146
144 70 146
144 71 146
144 71 70
68 70 146
71 70 146
71 68 146
71 68 70
69 68 146
71 68 146
71 69 146
71 69 68
149 67 151
150 67 151
150 149 151
150 149 67
71 144 146
145 144 146
145 71 146
145 71 144
26 203 205
202 203 205
202 26 205
202 26 203
146 147 148
69 147 148
69 146 148
69 146 147
151 65 153
152 65 153
152 151 153
152 151 65
66 69 148
67 69 148
67 66 148
67 66 69
204 202 271
270 202 271
270 204 271
270 204 202
69 68 148
146 68 148
146 69 148
146 69 68
68 69 148
66 69 148
66 68 148
66 68 69
200 244 245
231 244 245
231 200 245
231 200 244
65 63 153
152 63 153
152 65 153
152 65 63
63 154 155
153 154 155
153 63 155
153 63 154
61 154 155
63 154 155
63 61 155
63 61 154
214 216 217
38 216 217
38 214 217
38 214 216
65 150 152
151 150 152
151 65 152
151 65 150
63 62 152
65 62 152
65 63 152
65 63 62
65 64 152
150 64 152
150 65 152
150 65 64
62 64 152
65 64 152
65 62 152
65 62 64
34 36 213
37 36 213
37 34 213
37 34 36
63 62 154
152 62 154
152 63 154
152 63 62
62 63 154
60 63 154
60 62 154
60 62 63
152 153 154
63 153 154
63 152 154
63 152 153
60 63 154
61 63 154
61 60 154
61 60 63
53 220 221
55 220 221
55 53 221
55 53 220
157 59 159
158 59 159
158 157 159
158 157 59
61 154 156
155 154 156
155 61 156
155 61 154
58 61 156
59 61 156
59 58 156
59 58 61
61 60 156
154 60 156
154 61 156
154 61 60
58 60 156
61 60 156
61 58 156
61 58 60
38 216 217
40 216 217
40 38 217
40 38 216
59 156 158
157 156 158
157 59 158
157 59 156
57 56 158
59 56 158
59 57 158
59 57 56
59 58 158
156 58 158
156 59 158
156 59 58
56 58 158
59 58 158
59 56 158
59 56 58
120 98 160
121 98 160
121 120 160
121 120 98
99 121 160
98 121 160
98 99 160
98 99 121
98 100 160
99 100 160
99 98 160
99 98 100
242 250 251
139 250 251
139 242 251
139 242 250
121 122 160
120 122 160
120 121 160
120 121 122
122 121 160
123 121 160
123 122 160
123 122 121
165 166 167
105 166 167
105 165 167
105 165 166
176 118 178
177 118 178
177 176 178
177 176 118
113 114 173
115 114 173
115 113 173
115 113 114
116 117 175
115 117 175
115 116 175
115 116 117
103 164 165
104 164 165
104 103 165
104 103 164
114 112 173
172 112 173
172 114 173
172 114 112
164 163 249
248 163 249
248 164 249
248 164 163
226 246 263
262 246 263
262 226 263
262 226 246
227 246 263
226 246 263
226 227 263
226 227 246
236 129 259
237 129 259
237 236 259
237 236 129
127 248 249
125 248 249
125 127 249
125 127 248
249 127 259
258 127 259
258 249 259
258 249 127
4 5 183
181 5 183
181 4 183
181 4 5
233 222 237
232 222 237
232 233 237
232 233 222
127 126 258
248 126 258
248 127 258
248 127 126
232 236 237
133 236 237
133 232 237
133 232 236
114 116 175
115 116 175
115 114 175
115 114 116
112 110 171
170 110 171
170 112 171
170 112 110
173 171 257
256 171 257
256 173 257
256 173 171
171 247 257
256 247 257
256 171 257
256 171 247
246 168 263
262 168 263
262 246 263
262 246 168
226 249 263
227 249 263
227 226 263
227 226 249
104 165 166
164 165 166
164 104 166
164 104 165
104 105 166
165 105 166
165 104 166
165 104 105
105 104 166
106 104 166
106 105 166
106 105 104
173 174 175
114 174 175
114 173 175
114 173 174
4 5 181
2 5 181
2 4 181
2 4 5
117 118 177
119 118 177
119 117 177
119 117 118
166 106 168
167 106 168
167 166 168
167 166 106
107 167 168
106 167 168
106 107 168
106 107 167
106 108 168
107 108 168
107 106 168
107 106 108
5 4 183
7 4 183
7 5 183
7 5 4
233 232 251
224 232 251
224 233 251
224 233 232
20 198 199
22 198 199
22 20 199
22 20 198
174 116 176
175 116 176
175 174 176
175 174 116
168 110 170
169 110 170
169 168 170
169 168 110
110 112 171
111 112 171
111 110 171
111 110 112
169 170 171
110 170 171
110 169 171
110 169 170
111 169 171
110 169 171
110 111 171
110 111 169
170 112 172
171 112 172
171 170 172
171 170 112
113 112 173
114 112 173
114 113 173
114 113 112
171 172 173
112 172 173
112 171 173
112 171 172
112 113 173
171 113 173
171 112 173
171 112 113
115 173 175
114 173 175
114 115 175
114 115 173
14 12 191
190 12 191
190 14 191
190 14 12
4 2 181
180 2 181
180 4 181
180 4 2
118 116 177
176 116 177
176 118 177
176 118 116
117 116 177
118 116 177
118 117 177
118 117 116
180 181 257
177 181 257
177 180 257
177 180 181
22 25 201
23 25 201
23 22 201
23 22 25
175 176 177
116 176 177
116 175 177
116 175 176
116 117 177
175 117 177
175 116 177
175 116 117
177 178 181
179 178 181
179 177 181
179 177 178
178 177 181
180 177 181
180 178 181
180 178 177
178 2 181
179 2 181
179 178 181
179 178 2
2 178 181
180 178 181
180 2 181
180 2 178
177 178 179
118 178 179
118 177 179
118 177 178
119 177 179
118 177 179
118 119 179
118 119 177
180 4 183
181 4 183
181 180 183
181 180 4
24 26 203
27 26 203
27 24 203
27 24 26
24 25 201
22 25 201
22 24 201
22 24 25
247 229 257
256 229 257
256 247 257
256 247 229
28 206 207
30 206 207
30 28 207
30 28 206
12 189 191
188 189 191
188 12 191
188 12 189
174 173 257
256 173 257
256 174 257
256 174 173
175 174 257
176 174 257
176 175 257
176 175 174
177 176 180
178 176 180
178 177 180
178 177 176
200 231 271
270 231 271
270 200 271
270 200 231
10 13 189
11 13 189
11 10 189
11 10 13
174 256 257
176 256 257
176 174 257
176 174 256
8 9 187
185 9 187
185 8 187
185 8 9
223 228 247
246 228 247
246 223 247
246 223 228
184 186 187
8 186 187
8 184 187
8 184 186
184 8 187
185 8 187
185 184 187
185 184 8
24 22 201
200 22 201
200 24 201
200 24 22
16 19 195
17 19 195
17 16 195
17 16 19
196 252 253
245 252 253
245 196 253
245 196 252
182 185 261
183 185 261
183 182 261
183 182 185
175 176 257
177 176 257
177 175 257
177 175 176
187 186 261
239 186 261
239 187 261
239 187 186
10 12 189
13 12 189
13 10 189
13 10 12
23 199 201
22 199 201
22 23 201
22 23 199
14 16 193
17 16 193
17 14 193
17 14 16
14 15 193
191 15 193
191 14 193
191 14 15
243 244 245
225 244 245
225 243 245
225 243 244
223 246 247
227 246 247
227 223 247
227 223 246
208 206 267
266 206 267
266 208 267
266 208 206
214 216 265
217 216 265
217 214 265
217 214 216
18 16 195
194 16 195
194 18 195
194 18 16
122 123 248
124 123 248
124 122 248
124 122 123
206 204 241
240 204 241
240 206 241
240 206 204
14 192 193
16 192 193
16 14 193
16 14 192
22 199 201
198 199 201
198 22 201
198 22 199
132 133 236
232 133 236
232 132 236
232 132 133
201 200 271
203 200 271
203 201 271
203 201 200
207 241 267
206 241 267
206 207 267
206 207 241
18 20 197
21 20 197
21 18 197
21 18 20
180 182 257
183 182 257
183 180 257
183 180 182
128 127 258
129 127 258
129 128 258
129 128 127
20 22 199
23 22 199
23 20 199
23 20 22
159 264 265
157 264 265
157 159 265
157 159 264
192 194 195
16 194 195
16 192 195
16 192 194
28 30 207
31 30 207
31 28 207
31 28 30
132 131 236
133 131 236
133 132 236
133 132 131
193 235 253
192 235 253
192 193 253
192 193 235
28 26 205
204 26 205
204 28 205
204 28 26
21 197 199
20 197 199
20 21 199
20 21 197
244 245 252
196 245 252
196 244 252
196 244 245
206 208 209
30 208 209
30 206 209
30 206 208
240 268 269
147 268 269
147 240 269
147 240 268
30 207 209
206 207 209
206 30 209
206 30 207
32 34 211
35 34 211
35 32 211
35 32 34
146 145 268
147 145 268
147 146 268
147 146 145
127 248 258
249 248 258
249 127 258
249 127 248
146 147 268
240 147 268
240 146 268
240 146 147
24 202 203
26 202 203
26 24 203
26 24 202
196 199 245
197 199 245
197 196 245
197 196 199
142 143 242
230 143 242
230 142 242
230 142 143
32 210 211
34 210 211
34 32 211
34 32 210
192 195 253
193 195 253
193 192 253
193 192 195
194 196 253
197 196 253
197 194 253
197 194 196
242 139 251
243 139 251
243 242 251
243 242 139
206 208 267
209 208 267
209 206 267
209 206 208
26 29 205
27 29 205
27 26 205
27 26 29
182 184 261
185 184 261
185 182 261
185 182 184
202 204 205
26 204 205
26 202 205
26 202 204
31 207 209
30 207 209
30 31 209
30 31 207
200 198 245
244 198 245
244 200 245
244 200 198
206 209 267
207 209 267
207 206 267
207 206 209
153 210 213
211 210 213
211 153 213
211 153 210
231 200 271
201 200 271
201 231 271
201 231 200
212 213 215
155 213 215
155 212 215
155 212 213
40 43 255
41 43 255
41 40 255
41 40 43
163 161 249
248 161 249
248 163 249
248 163 161
51 50 218
53 50 218
53 51 218
53 51 50
205 204 241
207 204 241
207 205 241
207 205 204
147 149 241
240 149 241
240 147 241
240 147 149
204 206 241
207 206 241
207 204 241
207 204 206
229 228 247
223 228 247
223 229 247
223 229 228
220 221 255
42 221 255
42 220 255
42 220 221
204 270 271
241 270 271
241 204 271
241 204 270
202 204 271
205 204 271
205 202 271
205 202 204
205 204 271
241 204 271
241 205 271
241 205 204
40 42 255
43 42 255
43 40 255
43 40 42
55 221 255
220 221 255
220 55 255
220 55 221
153 210 267
266 210 267
266 153 267
266 153 210
210 208 267
266 208 267
266 210 267
266 210 208
211 210 267
153 210 267
153 211 267
153 211 210
153 266 267
151 266 267
151 153 267
151 153 266
153 152 212
210 152 212
210 153 212
210 153 152
152 153 212
154 153 212
154 152 212
154 152 153
170 169 247
246 169 247
246 170 247
246 170 169
153 155 212
154 155 212
154 153 212
154 153 155
153 155 213
212 155 213
212 153 213
212 153 155
210 153 213
212 153 213
212 210 213
212 210 153
44 45 221
42 45 221
42 44 221
42 44 45
40 254 255
42 254 255
42 40 255
42 40 254
156 155 214
157 155 214
157 156 214
157 156 155
154 212 214
155 212 214
155 154 214
155 154 212
155 156 214
154 156 214
154 155 214
154 155 156
155 214 215
212 214 215
212 155 215
212 155 214
157 214 215
155 214 215
155 157 215
155 157 214
248 164 262
249 164 262
249 248 262
249 248 164
41 217 255
40 217 255
40 41 255
40 41 217
216 214 265
264 214 265
264 216 265
264 216 214
217 216 265
159 216 265
159 217 265
159 217 216
159 216 265
264 216 265
264 159 265
264 159 216
46 50 218
51 50 218
51 46 218
51 46 50
50 52 218
53 52 218
53 50 218
53 50 52
158 157 264
159 157 264
159 158 264
159 158 157
44 46 219
47 46 219
47 44 219
47 44 46
45 44 219
47 44 219
47 45 219
47 45 44
177 176 257
180 176 257
180 177 257
180 177 176
40 217 255
216 217 255
216 40 255
216 40 217
216 254 255
40 254 255
40 216 255
40 216 254
57 254 255
159 254 255
159 57 255
159 57 254
52 54 220
55 54 220
55 52 220
55 52 54
53 218 220
52 218 220
52 53 220
52 53 218
52 55 220
53 55 220
53 52 220
53 52 55
218 53 220
219 53 220
219 218 220
219 218 53
198 201 245
199 201 245
199 198 245
199 198 201
169 170 247
171 170 247
171 169 247
171 169 170
147 268 269
145 268 269
145 147 269
145 147 268
224 232 251
250 232 251
250 224 251
250 224 232
128 129 258
236 129 258
236 128 258
236 128 129
182 180 257
256 180 257
256 182 257
256 182 180
169 168 246
170 168 246
170 169 246
170 169 168
232 133 237
233 133 237
233 232 237
233 232 133
236 237 259
226 237 259
226 236 259
226 236 237
201 200 245
231 200 245
231 201 245
231 201 200
230 143 243
231 143 243
231 230 243
231 230 143
227 226 237
222 226 237
222 227 237
222 227 226
186 189 239
187 189 239
187 186 239
187 186 189
256 257 260
229 257 260
229 256 260
229 256 257
191 190 235
193 190 235
193 191 235
193 191 190
133 135 232
134 135 232
134 133 232
134 133 135
145 146 268
144 146 268
144 145 268
144 145 146
164 165 249
163 165 249
163 164 249
163 164 165
169 168 263
246 168 263
246 169 263
246 169 168
138 139 250
242 139 250
242 138 250
242 138 139
135 250 251
232 250 251
232 135 251
232 135 250
230 242 243
143 242 243
143 230 243
143 230 242
160 162 248
161 162 248
161 160 248
161 160 162
186 184 261
260 184 261
260 186 261
260 186 184
233 223 237
222 223 237
222 233 237
222 233 223
142 141 242
143 141 242
143 142 242
143 142 141
181 180 257
183 180 257
183 181 257
183 181 180
139 141 243
242 141 243
242 139 243
242 139 141
123 125 248
124 125 248
124 123 248
124 123 125
143 242 243
141 242 243
141 143 243
141 143 242
188 186 239
238 186 239
238 188 239
238 188 186
128 129 236
130 129 236
130 128 236
130 128 129
129 131 236
130 131 236
130 129 236
130 129 131
191 190 239
235 190 239
235 191 239
235 191 190
235 252 253
192 252 253
192 235 253
192 235 252
235 225 253
252 225 253
252 235 253
252 235 225
232 222 234
233 222 234
233 232 234
233 232 222
224 232 234
233 232 234
233 224 234
233 224 232
224 233 234
225 233 234
225 224 234
225 224 233
222 223 234
233 223 234
233 222 234
233 222 223
202 205 271
203 205 271
203 202 271
203 202 205
225 234 235
233 234 235
233 225 235
233 225 234
233 234 235
223 234 235
223 233 235
223 233 234
129 131 237
236 131 237
236 129 237
236 129 131
222 223 238
234 223 238
234 222 238
234 222 223
223 222 238
228 222 238
228 223 238
228 223 222
234 235 238
190 235 238
190 234 238
190 234 235
223 235 238
234 235 238
234 223 238
234 223 235
223 228 238
229 228 238
229 223 238
229 223 228
139 141 242
140 141 242
140 139 242
140 139 141
147 149 240
148 149 240
148 147 240
148 147 149
149 266 267
240 266 267
240 149 267
240 149 266
151 266 267
149 266 267
149 151 267
149 151 266
243 224 251
242 224 251
242 243 251
242 243 224
242 224 251
250 224 251
250 242 251
250 242 224
240 206 267
241 206 267
241 240 267
241 240 206
138 139 242
140 139 242
140 138 242
140 138 139
243 225 251
224 225 251
224 243 251
224 243 225
146 147 240
148 147 240
148 146 240
148 146 147
242 224 244
243 224 244
243 242 244
243 242 224
246 247 263
169 247 263
169 246 263
169 246 247
230 231 244
200 231 244
200 230 244
200 230 231
231 230 244
243 230 244
243 231 244
243 231 230
194 192 253
252 192 253
252 194 253
252 194 192
195 194 253
197 194 253
197 195 253
197 195 194
230 242 244
243 242 244
243 230 244
243 230 242
224 225 244
243 225 244
243 224 244
243 224 225
243 231 245
244 231 245
244 243 245
244 243 231
161 162 248
163 162 248
163 161 248
163 161 162
228 222 246
223 222 246
223 228 246
223 228 222
222 227 246
223 227 246
223 222 246
223 222 227
222 226 246
227 226 246
227 222 246
227 222 226
236 258 259
129 258 259
129 236 259
129 236 258
236 226 259
258 226 259
258 236 259
258 236 226
126 125 248
127 125 248
127 126 248
127 126 125
137 138 250
136 138 250
136 137 250
136 137 138
157 156 264
214 156 264
214 157 264
214 157 156
163 162 248
164 162 248
164 163 248
164 163 162
227 247 263
246 247 263
246 227 263
246 227 247
134 232 250
135 232 250
135 134 250
135 134 232
135 136 250
134 136 250
134 135 250
134 135 136
224 225 252
244 225 252
244 224 252
244 224 225
225 224 252
234 224 252
234 225 252
234 225 224
136 135 250
137 135 250
137 136 250
137 136 135
232 233 251
135 233 251
135 232 251
135 232 233
137 250 251
135 250 251
135 137 251
135 137 250
159 158 254
216 158 254
216 159 254
216 159 158
234 192 252
235 192 252
235 234 252
235 234 192
225 245 252
244 245 252
244 225 252
244 225 245
225 234 252
235 234 252
235 225 252
235 225 234
225 245 253
252 245 253
252 225 253
252 225 245
183 257 261
182 257 261
182 183 261
182 183 257
57 56 254
158 56 254
158 57 254
158 57 56
56 57 254
54 57 254
54 56 254
54 56 57
54 57 254
55 57 254
55 54 254
55 54 57
158 159 254
57 159 254
57 158 254
57 158 159
142 143 268
144 143 268
144 142 268
144 142 143
55 220 254
54 220 254
54 55 254
54 55 220
216 159 255
254 159 255
254 216 255
254 216 159
159 216 255
217 216 255
217 159 255
217 159 216
246 170 256
247 170 256
247 246 256
247 246 170
246 247 256
228 247 256
228 246 256
228 246 247
171 247 256
170 247 256
170 171 256
170 171 247
229 228 256
247 228 256
247 229 256
247 229 228
127 128 258
126 128 258
126 127 258
126 127 128
171 172 256
173 172 256
173 171 256
173 171 172
173 172 256
174 172 256
174 173 256
174 173 172
248 226 258
249 226 258
249 248 258
249 248 226
171 170 256
172 170 256
172 171 256
172 171 170
186 260 261
239 260 261
239 186 261
239 186 260
229 238 260
228 238 260
228 229 260
228 229 238
238 229 260
239 229 260
239 238 260
239 238 229
238 239 260
186 239 260
186 238 260
186 238 239
164 165 262
249 165 262
249 164 262
249 164 165
229 228 260
256 228 260
256 229 260
256 229 228
164 166 262
165 166 262
165 164 262
165 164 166
184 186 261
187 186 261
187 184 261
187 184 186
185 184 261
187 184 261
187 185 261
187 185 184
157 158 264
156 158 264
156 157 264
156 157 158
216 158 264
159 158 264
159 216 264
159 216 158
167 166 263
168 166 263
168 167 263
168 167 166
249 262 263
165 262 263
165 249 263
165 249 262
165 262 263
166 262 263
166 165 263
166 165 262
165 166 263
167 166 263
167 165 263
167 165 166
214 157 265
264 157 265
264 214 265
264 214 157
157 214 265
215 214 265
215 157 265
215 157 214
200 202 271
203 202 271
203 200 271
203 200 202
150 149 266
151 149 266
151 150 266
151 150 149
148 240 266
149 240 266
149 148 266
149 148 240
149 150 266
148 150 266
148 149 266
148 149 150
143 145 268
144 145 268
144 143 268
144 143 145
230 143 268
142 143 268
142 230 268
142 230 143
200 231 270
230 231 270
230 200 270
230 200 231
210 152 266
153 152 266
153 210 266
153 210 152
152 151 266
153 151 266
153 152 266
153 152 151
151 152 266
150 152 266
150 151 266
150 151 152
208 210 267
211 210 267
211 208 267
211 208 210
209 208 267
211 208 267
211 209 267
211 209 208
231 143 269
230 143 269
230 231 269
230 231 143
143 145 269
268 145 269
268 143 269
268 143 145
268 230 270
269 230 270
269 268 270
269 268 230
240 268 270
269 268 270
269 240 270
269 240 268
240 241 270
204 241 270
204 240 270
204 240 241
241 240 270
269 240 270
269 241 270
269 241 240
230 231 270
269 231 270
269 230 270
269 230 231
269 241 271
270 241 271
270 269 271
270 269 241
269 270 271
231 270 271
231 269 271
231 269 270
